-87.67781490218228,41.71051425
-87.56204067346938,41.71215663265306
-87.6153543516618,41.7116373
-87.64912887390606,41.710999739017666
-87.64928291694758,41.71080275
-87.6322608,41.879333
-87.68887361752259,41.71096245
,
,
-87.6322608,41.879333
-87.64543002695355,41.708992406982816
,
-87.67346020544382,41.707794691948905
-87.6092305560604,41.710065650000004
-87.68900938689589,41.70944880754576
-87.56421545158824,41.71019075
-87.56465141867253,41.71021088135345
-87.68282123416851,41.70744258198515
,
-87.65148312321277,41.70796267595766
-87.56584718620987,41.70945945768833
-87.67563513303124,41.705150909420446
,
-87.66192736846983,41.70503299814669
-87.70886206964389,41.70536426984029
-87.61239527306569,41.70572468031627
,
,
-87.530342,41.704769285714285
-87.534189,41.706104673257684
-87.61465143839163,41.70475315
-87.60380104823986,41.70399265221513
-87.63440625533296,41.70394572384547
-87.61012988529927,41.70413282149982
-87.7182384861348,41.70322482927981
-87.70762973177496,41.7029008
-87.71126882604533,41.70137365
-87.70504682780086,41.700323357262064
-87.70504460596833,41.700261841164505
,
-87.70591718115197,41.700423916234556
-87.70128203318218,41.70135735293234
-87.70129758040514,41.70180167093904
-87.67913334983116,41.70147189313365
-87.67274971398942,41.7011686347089
-87.6494830332071,41.700876005418074
-87.66048126241512,41.700794849999994
-87.70978036750277,41.6998774467478
-87.61105702325197,41.70154437528225
-87.61103636827119,41.70078671597731
,
,
-87.63568510935914,41.70111315
-87.54038442589342,41.69938005
-87.54388805236789,41.7005723420007
-87.60745280752882,41.699488939062
,
-87.70339471428572,41.69826518367347
,
-87.63741749505343,41.69841195
,
-87.53056573160885,41.6974538770917
-87.71062274775302,41.69548793708432
-87.70943712767415,41.6960853195277
-87.6337743536434,41.6964817
-87.64383253375097,41.696361662304696
-87.71574662374273,41.696335726178056
-87.662979863461,41.69680535246711
-87.61199295258493,41.69757075
-87.535172,41.6958221431523
-87.71327790970592,41.694422628626455
-87.64742108327971,41.69442717893775
-87.64459510267459,41.69496225
-87.71660059645244,41.90074063833747
-87.67729871216301,41.90074254192253
,
-87.76909963719403,41.89966423921772
,
-87.65247465041617,41.857925
-87.654477,41.919825
-87.71070971497889,41.69203683670879
-87.61077961353492,41.6942489
-87.668871,41.69306
,
-87.64511941883879,41.693318041997685
-87.52570943676378,41.692957670490756
-87.52935808698307,41.69252404022008
-87.532759,41.69274776804497
-87.70916743082509,41.68924812833358
-87.67379810705673,41.690299020676115
-87.65703001552825,41.6905604906924
,
,
-87.53275790607167,41.69016444887319
-87.64095964803563,41.68924375310957
,
-87.60967466925895,41.690025755190234
-87.63477837488372,41.6893526
-87.63614617868065,41.68988085034047
,
-87.70326205698295,41.688514086198424
-87.60805201614806,41.689698500000006
,
-87.53637838453614,41.688787572192794
-87.61106917505077,41.68790659282099
-87.67138983906094,41.68735328097444
-87.67025823623425,41.686653042802625
-87.65668940062207,41.686609422394305
-87.67521892299987,41.68648035
-87.60820303811019,41.68782050865956
-87.60859364266055,41.6877137
-87.60842059724203,41.68770074816903
,
,
-87.70665315644477,41.687307816522384
-87.6553012509766,41.685943249999994
-87.61451868746762,41.68662648050391
-87.60936506661493,41.685643563898815
-87.6181687887978,41.68550480652992
,
,
,
-87.64636685324862,41.68352338911662
-87.68245232727655,41.683870850000005
-87.5327394243563,41.68472503889979
-87.65338150636715,41.68400295
-87.535152858911,41.68527894143989
-87.66023056997012,41.68316679880529
-87.6503590266369,41.684128400000006
,
-87.53634617138358,41.683121335419095
-87.67411400126998,41.682514316489495
-87.65065987944328,41.68151816956339
-87.65085126002025,41.68210945
-87.66012466538146,41.67966462241873
-87.66053715,41.67975155
-87.67479436611279,41.679517476453626
-87.64454425406048,41.6803590398345
-87.68329059385266,41.67819057535349
-87.68453512206659,41.678811286410884
-87.59718521766393,41.80790228077677
-87.59864166190593,41.80788720951883
-87.59909,41.79804
-87.76916686289736,41.90158302940585
-87.70170298324808,41.90267329641943
-87.65167405,41.69246525
-87.6548547633354,41.803193076634116
,
-87.65733094337381,41.93448072469546
-87.66113971163065,42.0089027
-87.65974158071074,42.00809318798169
-87.65783191073302,41.921586282467224
,
-87.6581193501747,41.928712250000004
-87.6296654296697,41.67479455552397
-87.65992413742056,41.67333645383604
-87.65180498920162,41.67347595
,
,
-87.63703580535407,41.67264558763012
,
-87.64766851171937,41.67118372933986
-87.64808748485676,41.6713723
-87.65277813659593,41.67162042877658
-87.64683340955983,41.67064285
-87.61917029053866,41.665999049999996
-87.61882258578558,41.66425589982487
,
,
-87.62829691552092,41.66369147112733
-87.555737,41.66382824489796
-87.55833110996113,41.664198799999994
-87.64492743609037,41.661983922935875
-87.63671020169949,41.66244146191178
-87.6462815927562,41.65985645199424
-87.63662593140116,41.6601146201344
-87.5516908,41.66038275
-87.633943,41.658777
-87.5954577487704,41.804273950957146
-87.5941416935484,41.76592027419355
-87.5927842545,41.717871450000004
-87.673977267879,41.905136155562936
-87.6591906952207,41.9280461
-87.66282574453739,41.98638327575643
-87.66125845611488,41.99201385
-87.6620763,41.9916052
-87.66191502358832,41.98720853184171
,
-87.5385685594032,41.65618216191028
-87.54482859770646,41.65572255044759
-87.55471351671429,41.656898
-87.53757105849196,41.653983400296624
-87.53856774610654,41.65480499751433
-87.5923979990155,41.80088709691838
-87.5919074168864,41.79540585785809
-87.59040045454545,41.73693272727273
-87.59262701918937,41.73400235712615
-87.69069398726549,41.90634749061956
-87.77193720618529,41.90516525342811
-87.65494949019342,41.69775378853495
-87.65549597157403,41.6959209780326
-87.65892800113065,41.78341175
,
,
-87.66423352501232,41.974631922629115
,
,
-87.6637183248744,41.97545055799053
-87.66437257367534,41.97544084373879
-87.590242,41.798147
-87.589221,41.797996
-87.59029902154884,41.77413049522605
-87.59011040799766,41.73055551642933
-87.73532473881286,41.90719875
-87.75808792141373,41.90695695
-87.75930777540282,41.90652535
,
-87.67239866666667,41.9080915
-87.67241985714286,41.90894933333333
-87.65997493883204,41.706808306121495
-87.65957449999999,41.69965259999999
-87.65839548148148,41.67021603703704
-87.66727102051802,41.97430108996352
-87.6661252299338,41.9865134
-87.66597899379656,41.9769616
,
-87.66244925146268,41.873100699999995
-87.66539400241425,41.93418749211078
-87.6662084402206,41.99273390416166
-87.664183950251,41.9281462
-87.66475781632653,41.9280031632653
-87.66592663685525,41.94073019203931
-87.6656611442025,41.991673248197465
-87.6662600162731,41.9845890266388
-87.665638,41.980717
-87.66715126555096,41.9966365
-87.66500276781719,41.8950163
,
-87.66716244415585,41.97329543128077
-87.58762098119108,41.755925060529954
-87.58715730530149,41.74153006891591
-87.58698852704545,41.73863217631959
-87.58658330540909,41.73863763526392
-87.68608983008401,41.90958036445331
-87.70688273581933,41.90977550619751
-87.76104054202924,41.90929815362844
,
,
-87.66213116984044,41.71138308877732
-87.66950020588236,41.98585794117647
-87.66780630518213,41.94343981106229
-87.6673249947944,41.93341091803842
-87.64720135177767,41.911813357661515
-87.6413681332542,41.9124597
-87.69924695903227,41.91198777738361
-87.73098234315201,41.9107269
,
-87.79023055743212,41.909763
-87.79269187031326,41.90977325
-87.66412025801726,41.711108885485636
-87.66523509151197,41.70815241631891
-87.67101628498817,42.00163595765003
,
,
,
,
,
-87.67078291050682,41.9786922
-87.67085336240511,42.012783953345334
-87.58229160046749,41.74264075
-87.66546260270906,41.72279125
-87.64929425,41.91366415
-87.72510056744653,41.912966550523876
-87.72532248320431,41.91301842679258
,
-87.78051762646294,41.912027300000005
-87.78109654817148,41.91223105
-87.78268360487644,41.912318929759465
,
-87.79028638333332,41.9124214
-87.7900900152545,41.91182156585392
-87.79841044264973,41.911242051559114
,
-87.7208917,41.9805872
-87.7937807527461,41.91242152056954
-87.79374355859746,41.911200866198335
-87.79353225901895,41.91149329844503
-87.79355756258771,41.91232901827798
-87.79355557161816,41.91226473354621
-87.79374936712681,41.911393603105154
-87.79354877211006,41.9120397316417
-87.7937807527461,41.91242152056954
,
-87.69369861491936,41.9127395
-87.70564347485714,41.91335803629431
-87.66577933694415,41.71137135
-87.66624284094063,41.7027975287066
-87.66648370117957,41.70113665517183
-87.67003279734078,41.857025300000004
-87.66762303729607,41.73214
,
,
-87.67241525805825,41.94245911546077
-87.67441856321432,41.996712535214286
-87.67283846522233,41.941653099999996
-87.67331209846488,41.98843651959859
-87.6726488676474,41.92880159144042
-87.649538,41.915892
-87.64952832940786,41.91561243197262
-87.64974993437494,41.91564751640455
-87.64974556247883,41.915527768822365
-87.649744203649,41.91548784942198
-87.64953247394736,41.9157322468415
-87.6497428448192,41.91544793002159
-87.64974556247883,41.915527768822365
-87.64975295624996,41.9157273442697
-87.64936354846375,41.91470255
-87.64937847625629,41.915925599999994
-87.64935542310994,41.9153659
-87.64006408965334,41.915888300474
,
,
,
,
,
-87.76404788159203,41.9138478
-87.7821334103354,41.914311947246354
,
-87.64249829166666,41.916251208333335
-87.78831367745302,41.914276992953894
-87.79704457958334,41.913886000000005
-87.68295416635746,41.914824634015766
,
-87.6940848936555,41.85591505
-87.69445616799604,41.85611372610044
-87.67262528365654,41.83216513230054
-87.67527644379942,41.95522871042344
-87.67709213149868,42.01114455
-87.6755141567257,41.93604282920298
,
-87.64943590874317,41.917047999999994
-87.6497849113191,41.91667715558882
-87.64980432453709,41.91725910065796
,
-87.70253020750906,41.91687844355893
-87.63789383010382,41.9179727
-87.68505453208019,41.91714723492632
,
-87.66136236678383,41.855463583115494
-87.66943106976744,41.68458944186047
,
-87.67826215384615,41.94694984615385
-87.6782176,41.949521520000005
-87.6782638,41.94952096
,
,
-87.680052,42.0113946923077
-87.67556681972106,41.90645840153513
,
-87.6777484273473,41.94222851642393
-87.67685489931696,41.93705145
-87.61973634693878,41.68148591836735
-87.75408773210982,41.883991221839764
-87.75877487148158,41.88442081837258
-87.710831,41.87885202980288
-87.57479032432433,41.76244964864865
-87.57289509090909,41.71533054545455
-87.65230524109869,41.91946219602241
-87.65231609402271,41.919789707434234
,
-87.65511148191132,41.91882535
-87.79757998366264,41.91745486537607
-87.65312599999999,41.91921925
,
-87.67770129825605,41.853903152882054
-87.67780011603148,41.85375045
,
-87.68129529059728,41.97790555466757
-87.68050656911262,41.94965679763134
-87.68018484631777,41.94938145
-87.68134072421876,42.01384055
,
,
-87.6795142988247,41.90589307701792
-87.68332102096588,42.0091787
,
-87.6781852852324,41.89246325
,
-87.6788340232136,41.90142232336736
-87.67819657394045,41.91374098419356
-87.571173,41.720755
-87.64024775,41.9204713
,
,
-87.71375186751429,41.85234689141719
-87.67627827774646,41.693109484944294
-87.6760984,41.69326685
-87.67609559581447,41.69432515
-87.67516548293735,41.68396909744374
-87.67608209940809,41.67946595
-87.67999079430302,41.85587199600675
-87.67724223781988,41.773765169903456
-87.67619353031932,41.7571277
-87.67704535288497,41.74429945
-87.68288475839798,41.95600606901577
-87.68109971203248,41.893029572245034
-87.68531880344865,42.01011120520319
-87.6848329174083,42.00875129456537
-87.68190532843911,41.96041424420262
,
-87.68944555697648,41.92289952789831
,
-87.73430670620283,41.92227645
-87.66089851429125,41.92227929573474
-87.66069932988623,41.92291494137538
-87.66069857730925,41.92289210455682
-87.71968673581617,41.921701
-87.65989019792231,41.92227185
,
-87.694916,42.0176244
-87.67898459917879,41.692894422291076
-87.68029766771149,41.768284410739206
-87.68644696902462,41.97766756330701
-87.68760493877551,42.01749165306123
-87.68733685915569,42.01113425160099
,
-87.68478122328897,41.966917402129894
,
,
-87.6847918,41.92057764
,
-87.68611086709814,41.972996795508614
-87.6607502200713,41.92446104808887
-87.71845609941444,41.9233891
-87.7924976343887,41.922967300438
-87.79368171859558,41.92296099505851
-87.69912015140932,41.84912951078293
-87.68067167416056,41.69914571819176
-87.67965895141508,41.69407689908183
-87.68063519054562,41.69389414212835
-87.67938673941897,41.681799750961915
-87.68314964928229,41.82938861187714
-87.68154585626016,41.74822713364698
-87.68560671327008,41.89766517967291
-87.56401599489867,41.760915000065125
-87.71368146492432,41.92568165
-87.69649871863733,41.925693800000005
-87.71935033315847,41.92547913622504
-87.77238096601681,41.92548535
-87.71742703994815,41.84749725011778
-87.682977,41.848174
-87.71862700954682,41.84669027924672
,
-87.69044774874459,41.9578561
-87.6905427523779,41.95197175
,
-87.68896892909196,41.91674015269514
,
-87.68825984563001,41.870965
-87.6889276300862,41.894720704602875
-87.56293514318244,41.748055594877876
-87.56135698902163,41.72637546354852
-87.56177538470584,41.7204020837379
-87.65625980060975,41.9287160182926
-87.7169709854493,41.92803150042588
-87.72575764033155,41.927903853040775
-87.72587608591772,41.926865649999996
,
-87.70494685702883,41.92672915
-87.70610601324562,41.92705369842105
-87.70494685702883,41.92672915
,
-87.79521502988534,41.92631444347876
-87.65360432258065,41.9284445483871
-87.65361767741936,41.928821451612905
-87.71074756732719,41.92818671735014
-87.71437629890777,41.927698750000005
-87.71493949039296,41.927272849999994
-87.6345048747569,41.84578646042398
-87.68583236196787,41.69531178448439
-87.68495422372807,41.680774654507005
-87.68896148148148,41.81101285185186
-87.68797433333333,41.74737533333334
-87.68771573333333,41.74737953333333
-87.6911723065306,41.923176033274494
,
-87.69327979332701,41.95846420375953
-87.69447141552106,42.01573165963151
-87.5599335402581,41.75166795
,
-87.702575917915,41.93004372029405
-87.65631626920583,41.930367504112695
-87.7259908527087,41.84302435
-87.68794396958528,41.704586
-87.69225942399817,41.8478242
-87.68867435714286,41.74918942857143
-87.68926291990674,41.7418954573601
,
-87.69543259183673,41.964884591836736
-87.69568263265306,41.96488263265306
-87.69441562723989,41.96403709825279
-87.667076,41.932298
,
,
,
,
-87.65880700385839,41.93219010289049
-87.655731,41.93242685714286
-87.70630157436783,41.93168444642277
-87.66245450000001,41.932329375
-87.70360329826399,41.930739000628506
-87.65249565158531,41.931648816371485
-87.65249640341065,41.93167151035851
-87.73186166176151,41.84072689396152
-87.69454685720233,41.86006616780958
-87.69323598015012,41.84911700810846
,
-87.69937335088031,42.00556275
-87.69463785246256,41.8720689960906
-87.69454198448554,41.871905841852396
-87.69685583385984,41.928114579623774
-87.69692166649646,41.92811384815003
-87.69935564671425,42.00855182577687
-87.69920665121087,42.00658506581862
-87.696989,41.936744
-87.69851361576363,41.9645742
-87.7183883,41.8600324
,
-87.7014448002672,41.933449031692604
-87.72077746127557,41.933034372770216
-87.72112175000001,41.932925850000004
,
,
,
-87.649903,41.841653
-87.6258729,41.7062288
-87.69602913749443,41.824667900662284
-87.70118504043295,41.979374757512836
-87.70201982524102,42.01355905
,
,
-87.69757185759666,41.90300147454045
-87.69960809662665,41.90298289116377
-87.69963361788146,41.965879799999996
,
-87.70084570338514,42.00942117619273
-87.70081263293818,41.98211653644643
-87.69985226182571,41.96677903141279
-87.69997200550497,41.936726934590375
-87.69996749424413,41.980175450000004
-87.55144257142858,41.711759
-87.55222635079245,41.733801685352965
-87.71029175759149,41.9349268
-87.64770821857661,41.93486513892627
-87.73477440825424,41.93501450278603
-87.73600876458957,41.9350972905555
-87.76539621937269,41.933929199999994
-87.78080001301174,41.9335408968582
-87.8021010542821,41.933319283562234
,
-87.65871468961673,41.935802998885364
-87.70189960058141,41.934638449999994
-87.70249833155276,41.93556749560934
-87.70249668636558,41.93547298480303
-87.71019391805012,41.935465300000004
-87.6937223754812,41.935170400000004
,
-87.70637740629994,41.934534829947545
,
,
-87.65690678571428,41.839517
-87.69883649535049,41.82188127643814
-87.7022487996954,41.97936834895925
-87.70104285044232,41.9230522
,
-87.7042869790454,41.981346251260256
-87.7042869790454,41.981346251260256
,
-87.7016868028459,41.967852050000005
-87.70167942423983,41.96767685242033
-87.70238578792605,41.966757239684455
,
-87.70393612386276,42.004851177369865
,
-87.61797944521683,41.7365329978621
-87.6183018389053,41.72988665
-87.54953471198561,41.75096435122242
-87.71130611310693,41.93668229824104
,
-87.73807295752754,41.93645154146248
,
-87.7636588,41.93558575
-87.73563286610786,41.9358981
-87.77016213003142,41.93596514169513
,
,
-87.6517042490618,41.839061634439375
-87.70340119882934,41.92354520000001
-87.70636193660182,42.013652660531775
,
-87.7038233,41.8864529
-87.6693297,41.8823549
-87.71395818974963,41.9380447
-87.657853625,41.93955014583334
-87.80821859249806,41.93698975
-87.81269577370415,41.93664715940656
-87.70135445022771,41.937998890696086
-87.6564208,41.939716600000004
,
-87.72770655716982,41.83547275
-87.72421083302082,41.83558463298104
-87.69964980538782,41.70628093893951
-87.70047149652358,41.706275665821124
-87.70780519244595,42.01287773242485
,
-87.723446,41.940383
-87.804439,41.939725
-87.8115279122034,41.93952840254258
-87.8337901974545,41.93879399814447
-87.7652474,41.9934168
-87.65250250595027,41.83470265
-87.6485334697081,41.835381833945284
-87.64282004811764,41.835457500000004
,
-87.64348919781321,41.835865
-87.70293920292107,41.68868315167377
-87.70411103557261,41.739640269633966
,
-87.74422115186046,41.94125715
,
-87.79961320708195,41.94103459149557
,
-87.81406994320459,41.94088475493982
,
-87.83365128623623,41.94085040864616
-87.727411,41.942981333333336
-87.7209140236111,41.9423484
-87.61827533504771,41.833244757528625
-87.6422049,41.832835849999995
-87.65480558769121,41.833934054082675
-87.66812542204435,41.833016615640936
,
-87.72394704999999,41.94440485
-87.68201645365465,41.94446765758504
,
-87.73479863279239,41.942983311695905
-87.7344126192857,41.943019899999996
-87.80579249397653,41.94282934367649
-87.82294267478453,41.942904554037234
-87.82681175506497,41.942595499999996
-87.82679941365555,41.941615049999996
-87.82663741442866,41.94245873428795
-87.82664801747909,41.9426948758005
-87.82660421232836,41.941716569692765
-87.82681175506497,41.942595499999996
-87.82639472998267,41.94195767020086
-87.82884979681914,41.942394534468576
-87.73378352144039,41.9440911
-87.73376446678782,41.943198949999996
-87.73357144438582,41.943016478295476
-87.653325,41.832135
-87.66908444985484,41.83124773796021
-87.66784614990699,41.830606720210135
-87.64358246357297,41.83167690191216
-87.70597288031331,41.68425794869862
-87.70744966770945,41.682413127559144
-87.7089838823506,41.77259404936329
-87.70883928890943,41.7432238460328
-87.71397644545247,41.90738179725876
-87.71375753004317,41.907219204754355
-87.71267403957589,41.9066348
-87.7132494432475,41.92381993095681
-87.71445461213983,41.940369950000004
-87.71334873408597,41.87948052130607
-87.71369123553843,41.928215
-87.6784048,41.9467343
-87.74079429239812,41.94508472126468
-87.74061211171875,41.94535175
,
,
-87.81641788942902,41.9438369
-87.82029558700869,41.943599636083206
-87.67985183076406,41.94600394443658
,
,
-87.67757185607141,41.82889802418305
-87.6476654,41.7968998
-87.71189497688025,41.76234379734015
-87.71104304066101,41.76053186683897
-87.71192525812563,41.76068366023777
-87.71171976785715,41.75248035714286
-87.71448304579374,41.8747104
-87.71631095000001,41.905661550000005
-87.71612689874966,41.90629657690269
-87.71605475051352,41.940349299999994
-87.71662019732219,41.909268
-87.716609,41.909154
-87.71578849828191,41.90916308789573
-87.68976396829733,41.94756495
,
-87.71162199999374,41.94717199976279
-87.72644629977373,41.94695375
-87.7128665485615,41.94804159398494
-87.70283154541684,41.94725454417267
-87.70270065,41.94836115
-87.73390040999216,41.94763488918386
,
,
-87.67411839765485,41.82777783865657
,
-87.71105399590257,41.684182069501354
-87.71225828764454,41.68050728844629
-87.71321675515249,41.748808237583546
-87.71419003316078,41.74862806763921
-87.7135008616502,41.73673970411571
-87.71890951200714,41.92814868766109
-87.71890951200714,41.92814868766109
-87.68498911180076,41.9500497
-87.7183883,41.8600324
,
-87.81433732981812,41.948172837350164
,
-87.83398874477993,41.947954532491856
,
,
-87.70397027479305,41.94915435
-87.70433939666077,41.94946693584002
,
-87.64328909448108,41.8255001
-87.64137095533442,41.8257129
-87.71451246775077,41.70608172580633
-87.71779198938452,41.8016648
-87.71748564888946,41.79505198222221
-87.71733795061944,41.78320856189587
-87.71699577886092,41.7833784446525
,
,
-87.72397355861668,41.95098184942133
,
-87.66606320042686,41.95237815
,
,
-87.66145535066607,41.95203155
,
,
,
-87.80499462433924,41.9496157
-87.82775004999999,41.949676999999994
,
,
,
-87.68000353196194,41.95154602217608
-87.61833593597783,41.82440253108195
-87.71952506500266,41.78151899077547
-87.71965861116996,41.774975991798016
-87.719911,41.769512
-87.71997583708642,41.75633153972116
-87.71792499120671,41.74689852992459
-87.72202179591837,41.87249830612245
-87.72183459979026,41.86703773412012
-87.6723663,41.953692000000004
-87.70054770843545,41.95309867355967
-87.73232518725523,41.952325204575715
,
,
-87.78346252536726,41.95249299212488
-87.69934727888645,41.95379235464482
,
-87.68610217740412,41.952466393485025
-87.81717027272728,41.952313545454544
-87.82797957142284,41.9513915916918
-87.83190289472292,41.95189293387096
-87.67431499060326,41.9539580635968
-87.70421108249114,41.95298104555827
-87.71981367802067,41.7020613
-87.72187101142326,41.78694607713907
-87.721919,41.77601
-87.71990145829817,41.739541040638834
-87.726401180875,41.94477715
-87.61474695837174,41.73184769072771
-87.61581282568476,41.731995559168546
-87.61558755723591,41.731834664918864
-87.63289203208112,41.71182675
-87.63279765864553,41.711828249999996
-87.63891238527097,41.936508
,
,
-87.7293607111272,41.95482877836105
,
-87.74210196028571,41.9550746
,
,
-87.83436136421341,41.95345328547342
-87.68710703067995,41.81966694712762
-87.68696395881622,41.819401850000006
-87.68467015,41.95712245
-87.72634940549698,41.95597200058143
,
-87.7322201085141,41.9565567
,
-87.74073703262484,41.956927872362904
-87.72044430861104,41.95617884858315
,
,
-87.77797738424796,41.9556949375423
,
-87.71533394299294,41.95647379443712
,
-87.6004844855967,41.81816225
,
,
-87.73090695280906,41.936387385607034
-87.73043127968424,41.93531539896514
-87.72395845048806,41.95790945273217
-87.72376750135592,41.9577544
-87.73086117084105,41.957774397393656
-87.77546077022296,41.9581717
-87.77925362579863,41.9571464357
-87.70318280868698,41.9591617721583
-87.70968382835387,41.9582305
-87.62152282373921,41.81678120035074
-87.61993656882831,41.817892772563226
-87.61949415677638,41.81782285
-87.73376749436731,41.942566
-87.73456151363736,41.9352886971854
-87.72402085903042,41.96002806606456
-87.71420943839202,41.95967533541911
-87.72648546377705,41.96065092301204
-87.73686952096033,41.9593704389144
-87.72179107376918,41.96021384180844
-87.60034599714089,41.815823949999995
-87.61258285009225,41.81623305
-87.71430323329837,41.96276533643792
,
-87.67834554654442,41.96277685
-87.7169673166352,41.96267157821465
-87.70084027621309,41.962565012441765
,
-87.77451293142555,41.961911339904695
-87.77557285675303,41.96171095
,
,
-87.77188294999999,41.96126825
-87.71897132950726,41.9620697
-87.69961955082576,41.96262587134145
,
-87.70979376506617,41.962763800000005
-87.71246210260496,41.81280666823706
-87.6443548265894,41.81417247937742
-87.73241778495085,41.744683
,
-87.73672800830951,41.87721615
-87.74098738069341,41.96619165613837
,
-87.66365540903404,41.96445245562406
,
,
-87.74019377695382,41.96405755
-87.73882867707727,41.96420965
,
-87.66228427907896,41.96484204146221
-87.77988507541265,41.96330135
,
-87.78355136504207,41.964398700000004
-87.70333516313092,41.964100383320066
-87.72573337196262,41.9638686
-87.69481760441725,41.96370100464975
-87.6949732006807,41.96386396733319
,
,
,
,
-87.74011442877787,41.92622744441971
-87.73883647907064,41.884282
-87.74135319318766,41.92976265
-87.72441668419287,41.96617219683461
-87.73493527054873,41.96551555
-87.74406672503845,41.96485986735756
,
-87.75751734751636,41.96490778569826
-87.67752475,41.96658853571429
-87.67774944444444,41.966757888888885
-87.66508921286292,41.808928004557345
-87.72004022173367,41.80853111809038
-87.66853599406963,41.809630930316224
-87.74359602872197,41.94640465
,
-87.7306972427013,41.966983549999995
-87.73173534680696,41.96636622849911
-87.60991747704918,41.808855300000005
-87.59914804299918,41.80925466594922
-87.59935674598213,41.80861454164485
-87.59388632988448,41.80821830870958
-87.59529854364035,41.808296333640435
-87.5952928253272,41.808025248886196
-87.59556601721852,41.808405050000005
-87.74597315550487,41.94605952858543
-87.7447669,41.8902998
-87.69884927025036,41.97004116926157
-87.67249921588422,41.969300189660096
,
-87.78447426530612,41.96914489795918
,
-87.72827273306098,41.804406057250944
-87.72849087426891,41.80433852840131
,
-87.60903115112359,41.80652903981017
-87.74683887612423,41.80411332425944
-87.74785519382945,41.804613940891585
,
,
,
,
-87.74703100860661,41.87758645525785
-87.74742920523445,41.92781436511309
,
,
-87.68284696388808,41.971673571271964
-87.6827290688259,41.9718856
-87.735642,41.971679
-87.73578335981782,41.9706353
,
,
-87.72209171656648,41.97067160312411
-87.68060936850267,41.971704948545955
,
-87.74682024984325,41.803414351096905
-87.61530265209942,41.8050353
-87.74919990881781,41.89872849372128
-87.75051066065573,41.937183950000005
,
-87.75159162292414,41.94542705
-87.7493363620915,41.89198135
-87.75134105953997,41.94233782531844
-87.7507344895612,41.94234565468637
,
-87.75182977200109,41.947976808038824
-87.615863,41.811291
-87.6140377440639,41.73642734900627
-87.61349176915745,41.730955424080506
-87.61206869443436,41.728110900000004
-87.64187456941217,41.93880817107801
-87.64104084539372,41.92184877968649
-87.72465034470181,41.97354100914193
-87.72440798374073,41.97279734420427
-87.72440341907718,41.9726373440097
-87.72482631205861,41.9736052
-87.71443141848567,41.9730688
-87.71727737037037,41.973489962962965
,
-87.74050096108995,41.97326487160872
,
,
-87.77325967970067,41.973720073618956
,
-87.69996346682478,41.97364313879986
,
,
,
,
-87.80135173824046,41.973064816573256
,
-87.74653991385047,41.801073855542484
-87.69187593938193,41.80220825
-87.754637,41.956898
-87.75333445,41.94395405
-87.7541538850032,41.952468271989794
,
-87.75429403829237,41.943377364420954
-87.75222117101985,41.933988299999996
-87.75405992012139,41.97090195
-87.75410918210144,41.94778318070608
-87.75354823201039,41.93517483599987
,
,
-87.71831627228771,41.97467177584556
-87.7170990738112,41.97485644718423
-87.73966300324199,41.9742776
-87.77345142475725,41.97507871197536
-87.7732398222833,41.974654002351144
-87.71975028387921,41.97433197510332
-87.80562738753639,41.97444375
,
-87.79365108731778,41.9750055
,
,
-87.74913580607279,41.798633609077235
-87.71586518608122,41.799158629116775
-87.6597732620866,41.800007444481345
-87.76136642228121,41.79876253325447
-87.76136254769614,41.798635024181785
-87.77564241640029,41.79883785
-87.78088653918958,41.79854197350217
,
-87.75673097355522,41.961437452764045
-87.75521651160315,41.91034446096564
,
-87.75522981349587,41.928780084365975
-87.75577532237699,41.93605596609749
-87.7562717107904,41.943051350000005
-87.75529581914634,41.930426492720464
,
-87.71509238034874,41.97737245
-87.7146729879105,41.97673909385145
-87.75792315938071,41.97658031582711
-87.75668467843715,41.976891122889796
-87.75685930493698,41.97676375
-87.76179028137554,41.97666065582498
,
-87.66107559761322,41.97790750413083
,
-87.76738619587745,41.975420774024116
-87.79421396788413,41.976286349999995
,
-87.81578766666667,41.97532485714315
-87.81701700701633,41.97574036502156
-87.71003796046959,41.97699689901832
-87.71588142939643,41.9763797346735
-87.66369414521462,41.977386089524906
-87.59492184124535,41.80018109919533
-87.76111757831866,41.79773633285717
-87.77696147038378,41.79706344895032
,
-87.77979822697625,41.796319499999996
-87.7688240362003,41.796965900000004
-87.775737666603,41.79683161067303
-87.78062478529586,41.797213752463655
-87.78059493821254,41.79622489922693
-87.78084963915732,41.79736948863175
-87.78548051225081,41.79637136189322
-87.80051612856737,41.79704765413842
,
-87.79385420597961,41.796358850000004
-87.79279834734562,41.79629972900006
-87.79320890024532,41.79656335
-87.79058401998931,41.79642752361299
-87.7966904370661,41.79675395192102
-87.63219129163805,41.79851495
-87.75877612788456,41.971307550000006
-87.75763154801598,41.955034800635886
-87.75881152523849,41.955185994321745
-87.75851520344828,41.95135196962389
-87.75926023893358,41.95426799171707
-87.75761783921902,41.944997763696215
,
-87.7591634956342,41.96568881978664
-87.75760605,41.9357408
,
,
-87.757938382389,41.93221270320819
-87.71250324671115,41.978406461457645
-87.76270549984253,41.9789588
,
,
-87.78121924971319,41.978831650000004
-87.78648559855061,41.97905748660074
,
-87.80953797395159,41.97793434984235
-87.81206858333333,41.97783041666666
,
-87.5953256,41.7547566
-87.60400450020258,41.798274009993946
-87.60365289572184,41.7986929
,
-87.59510701032025,41.79829943345037
-87.59510637446061,41.79826355276767
,
,
,
,
-87.7905266997039,41.79439178993276
,
-87.6511516,41.9389943
-87.76133670008112,41.9497996
-87.7600631410166,41.943304880062705
-87.76112128,41.93416408
-87.76083899912211,41.903921
-87.76049472544182,41.9488923
-87.76012692515704,41.9479913
-87.76169837411983,41.9744787
-87.77089760341545,41.980396
,
,
-87.76605006602166,41.980951038699814
-87.7654399234568,41.9805164
-87.76190416979534,41.9795668
-87.78381087334938,41.98088695
-87.77336599329863,41.97903791646698
-87.78548501647752,41.979657916877905
-87.78887620649577,41.980751213501215
-87.79251505433228,41.98062081883135
-87.79009381222289,41.98048856813095
-87.79852915000001,41.97997035
-87.79733920210084,41.9795536
-87.80126822812908,41.98082475915298
-87.72184228182486,41.794024179662145
-87.58893469164434,41.7974045087334
-87.58893372339352,41.797354099175166
-87.58912782657319,41.79613932865954
-87.58915540968646,41.79738993487054
,
-87.67649752372881,41.7951009
,
-87.60306221143216,41.796952450000006
-87.60285373220613,41.79578263699965
-87.75839005,41.79352425
-87.78682040978944,41.79289461162877
-87.79426214917218,41.7926469
-87.5923190639453,41.79736255
,
-87.76367455930581,41.94143279239903
-87.76091591641998,41.87469350252061
,
,
-87.71219674376178,41.9815925
-87.71236608554206,41.9816987853656
,
-87.76580793273286,41.9821538559694
-87.76581028481326,41.98202602039943
,
,
-87.8302867,41.9449351
,
,
-87.66384492759876,41.98289419726361
,
-87.6765743683429,41.792206470401744
,
-87.7709167234373,41.7915476816913
-87.8005001944359,41.7908945
-87.7924821277802,41.79083815
-87.78882999306722,41.7909955
-87.642573,41.792586
-87.7666866451854,41.985954199480624
-87.76670816899903,41.98568025
-87.7679266575505,41.98577633578817
,
-87.77543526599368,41.98395827690451
-87.80342970903558,41.98375235
-87.76941209619311,41.98434698674204
-87.694916,42.0176244
-87.6944518539164,41.984406495881565
,
-87.7709677837956,41.78918745
-87.58378618239189,41.7710801
,
,
-87.77016406126555,41.97379591581703
-87.76559448979592,41.88711357142857
,
,
-87.73829012606797,41.986173000522015
-87.76909199709974,41.98661805431555
-87.78497699806073,41.9861608
,
,
-87.81175519403781,41.98515011112468
-87.81218989383792,41.98452035
-87.70583281884153,41.986006938774395
-87.66312279700826,41.986590128875015
-87.66350177272727,41.98566895454545
,
,
-87.76675819957546,41.7885602
-87.77562740067192,41.78715281814168
-87.78297582507133,41.787980410088416
-87.78760601507737,41.787032738747186
-87.78554203043478,41.7872281
-87.79371221826989,41.786967091257196
-87.78919588723404,41.78685645
,
-87.77128527319084,41.94510795
-87.7716412707188,41.970553363039926
,
-87.76868142210282,41.8931282
-87.7710137565572,41.94757224394708
-87.77114281816561,41.94757074528086
,
-87.74062845370582,41.98775897139176
,
-87.75294953279624,41.98854276139182
-87.76609846946076,41.98714150417284
,
-87.7749979444881,41.98768909406132
,
-87.77676721522894,41.98796717561311
-87.78510519593426,41.98792401104875
,
,
-87.81920957620274,41.98616611774738
-87.81919835116241,41.98625348372388
-87.81931976763315,41.987044248964494
-87.69538607330152,41.9878209
-87.70639190332729,41.98785477703446
-87.66337976367925,41.98760637247513
,
-87.77559101151533,41.78619185671748
-87.7878060026427,41.78645707135266
-87.79387865762128,41.78547932630216
-87.79368763315682,41.786299165584985
-87.77430325884521,41.965034194335246
-87.77367799573122,41.94679540376648
-87.77307642128991,41.940498250000005
-87.77348508472221,41.89768085
,
-87.71750760417218,41.98944557039246
-87.79990795050671,41.98898095
-87.79991277924167,41.989883137238756
-87.79992959481358,41.98990565220787
-87.67303287755102,41.9891718367347
-87.745786,41.989734
,
-87.73846032141824,41.989659910202704
-87.73845492653797,41.98934462644029
-87.75566071428572,41.98982385714286
-87.7566261707317,41.99011646341463
-87.78264961119655,41.989522435558996
-87.78426365575737,41.98907755
-87.78629634137992,41.989129257899755
-87.78942921101066,41.9894973
-87.7889839959128,41.989636787184246
-87.70292287755102,41.99021283673469
-87.70292535714286,41.99028364285714
-87.6582115625,41.7865690625
-87.73525654811627,41.78433344228869
-87.72405152162656,41.78502228717279
-87.73259096969184,41.7843435279623
,
-87.65354200175,41.785270631428354
-87.77589377330952,41.951137402003965
-87.7763245892661,41.95113165939178
-87.77578445806863,41.94494511294301
-87.77387285426686,41.88883463416752
-87.77542714647474,41.9469074
-87.77745477777778,41.9902787037037
-87.77588499093127,41.948591078039854
-87.61175691040866,41.81119172581578
-87.61013635122222,41.734826646924375
-87.6112481553302,41.73492615
-87.61063636740313,41.72917551377988
-87.70408092924893,41.89160149064376
-87.76060249232498,41.89087545252442
-87.71385495932867,41.891091097601816
-87.713652,41.891699
-87.6408596307466,41.87490561284806
-87.63739023643927,41.699783445833546
-87.63609502295792,41.676138805888186
-87.63402313631089,41.66139810752492
-87.639455,41.82528378571429
-87.63772370596718,41.717980697859915
-87.64325144,41.94216250666667
-87.64378550870514,41.92664761916292
-87.64386493939394,41.94013636363636
-87.64333749833393,41.920160066700845
-87.71738720885338,41.991815849999995
-87.70909412835137,41.99278313242493
,
-87.7525515678631,41.99152803127801
-87.77572669044989,41.990816699999996
,
-87.77654042604689,41.991433866178866
-87.77677021996708,41.99092613878283
-87.77277699156339,41.990662
,
-87.69469006493976,41.991991358900684
-87.70397807575,41.990899049999996
-87.71656325342852,41.99131394231833
-87.71616138091554,41.9908359
-87.77178407160791,41.78252902000735
-87.6605779903749,41.78410506494975
-87.73398526590717,41.78281327782899
-87.73987058110008,41.78262122087223
-87.7788866018156,41.78245608084138
-87.76811536355174,41.782502815963575
,
-87.78862380903028,41.78148730948105
-87.77865371069191,41.95036773113694
,
-87.72527465719197,41.99356931696251
-87.69208150975177,41.993463312056846
-87.71783286971085,41.993048400792645
-87.73141858384109,41.99338015037766
,
-87.73927490191716,41.992130191672864
,
-87.69369505370145,41.993105650000004
-87.77096081489474,41.995469914240296
,
,
-87.8194930749863,41.991010193278264
-87.7134666,41.8407413
-87.6014596003414,41.7833953
-87.60101101343562,41.78291886635955
-87.73492738035844,41.78085021551961
-87.73614254824687,41.78067544678554
-87.77390381521155,41.77990747568827
-87.77538793706928,41.781012707459
,
-87.66681867703008,41.78223008329082
-87.61219659589008,41.78295760123632
-87.78034688553262,41.95184935
-87.7803584632019,41.95224845
-87.77999077019295,41.95197913633956
-87.78139854538603,41.96652663299329
-87.78148669434637,41.967636988430186
-87.78064649999999,41.965947799999995
-87.78061395672259,41.99026869390229
-87.78077254445827,41.947332599999996
,
-87.73242467491691,41.99464397976896
-87.66325333709,41.9960989
-87.66325060091486,41.996009
,
,
-87.75473873708144,41.9957956773027
-87.75725235836879,41.994807797098396
-87.76637200243881,41.99494373448826
,
-87.70309547589333,41.995376860393094
-87.70794716003432,41.99524033290793
,
-87.70303059818778,41.779231577096816
,
-87.77016966666666,41.77805554166667
-87.77058607383381,41.7790584
-87.7848474520198,41.778386819147805
-87.77730503222826,41.7771029
-87.77797971244986,41.77583933064172
,
,
,
-87.78318679826626,41.94302830623081
-87.78481863636364,41.99023081818182
-87.70739694865411,41.99722445
-87.72386613236377,41.996353368250126
-87.73996340503714,41.99634085374967
-87.73946982708748,41.99669165
-87.73995797187692,41.99693270898537
-87.742167,41.997139
,
-87.75604923355647,41.996259202709226
-87.66190047706729,41.99776274557389
-87.78298,41.99605475
-87.78979645956028,41.996701630447006
-87.79001178133679,41.99699333567908
-87.75978959763313,41.9969372028963
,
-87.8100705,41.99644275
-87.81020369535031,41.996824365032786
-87.81658010815902,41.99673884435368
-87.73509810526315,41.996941842105265
-87.60967519713837,41.77972542893725
,
-87.7322050136778,41.77784925
-87.66556662838674,41.77836767170215
,
-87.78584679136557,41.99170105
-87.78540156374908,41.948317777100385
-87.6983547448311,41.999032448014944
-87.69857244900014,41.99893380877048
,
,
,
-87.80309596116405,41.99818281961908
-87.81312195168918,41.998263
,
-87.76300325459474,41.99891316838656
-87.74111379233837,41.776304795689875
-87.60821841638939,41.777742764632876
-87.75970785268007,41.999016999999995
-87.76713884306683,41.997415633035025
-87.69880829918915,42.00045415
-87.7626439,41.9996169
-87.6938982068402,42.00034945
-87.76759423076923,41.99960946153846
,
,
,
,
-87.75912696168992,41.99944153442367
-87.69739400681478,42.00066643849418
-87.7687582905549,41.9994035
-87.68203193483363,41.77394191789119
-87.60349531681658,41.77549274587537
-87.7395974845154,41.77373332551013
-87.78566952619592,41.783026299348634
-87.79059086645876,41.994532152042524
-87.79219990692584,41.97569931481879
,
-87.67080049358157,42.00250440000001
-87.670402,42.002519
-87.66920611675677,42.00306057438172
-87.66958730561892,42.0025371
-87.76798720901947,42.00185919572581
,
-87.69356620164,42.002810265873045
,
-87.81048551748644,42.00098163561677
-87.69744044757816,42.00255006112956
-87.66049050000001,41.7724715
-87.66170862516965,41.77282871449738
-87.604669,41.773273
-87.68864250326496,41.772869549999996
-87.79475645331601,41.975785599999995
,
,
-87.77498448297547,42.0043232
-87.77382922139216,42.00385474835718
-87.77174905494083,42.00322632689621
-87.66706564,42.00519908
,
-87.70568420281565,42.0036063144029
-87.72592907153148,41.770737350000005
-87.65925121905467,41.77141424329727
-87.64952160721299,41.77076928851951
-87.63718630730048,41.77103000033891
-87.79117295889621,41.79027316850009
-87.66544070312528,41.7699639
-87.76993919534623,42.00504880465377
,
-87.81358105925248,42.005832711944684
,
,
-87.76502634705928,42.00698703779667
,
-87.77709207973969,42.004793201676726
,
-87.58019882478065,41.77007899122587
-87.58020576689718,41.77033629951693
-87.58021811472962,41.77078658380689
-87.58810576923076,41.770013538461534
-87.79894141397331,41.97921105
,
-87.76182449737026,42.00707136435256
-87.76583303082097,42.007669259456165
,
-87.8167300876159,42.0067909
,
-87.72476780000001,41.76610232
-87.80276754799053,41.98502583705221
-87.8023943963458,41.98465679813621
-87.60714487073992,41.7127043
-87.610553,41.834357
,
-87.76332519622814,41.891559466652126
-88.1961933,41.8882756
-87.70778750980843,41.89226346381354
-87.63824505161826,41.65824612170027
,
-87.64485387547172,41.92804081824548
,
-87.66815956476103,42.01054565
,
,
-87.779892,42.009226
-87.78172627896899,42.00999668472866
-87.63566272661382,41.76634415
,
,
-87.81531559999999,42.010492150000005
-87.6847210149669,41.763638900000004
-87.59956790513301,41.76494114353404
-87.66716577427965,41.76326345
-87.79892385282194,41.77458804184336
-87.68037898381309,42.01381323898604
,
,
-87.81648175528046,42.01306261106317
-87.61668268205311,41.76228273854894
-87.58493773211922,41.7627703
-87.57833871132385,41.762693999999996
-87.66763667428023,41.7618998
-87.68916037922239,41.76136627278323
-87.80796750228821,41.9828156413309
-87.80864312346765,42.00825415
-87.80921636953191,41.993468968189326
-87.80869766724693,42.0046419
,
,
-87.77879870000001,42.014590150000004
-87.7784884357272,42.01428100435213
,
-87.814037672412,42.01384997260947
-87.8124304516623,42.01380505
-87.8176924489383,42.01421418827351
-87.81769306117287,42.014145985341884
-87.68445284156597,41.76016685928332
-87.61262367353648,41.76111150089774
-87.62008234595068,41.76052247026045
-87.66502164842387,41.76026884534346
-87.8105585897963,42.00627246259172
,
-87.68874380811567,42.01711651716379
,
,
-87.81177956361651,42.0165645
-87.81623374944124,42.01628505567344
-87.81767414564881,42.01651856122578
-87.67241525675675,42.01717806756757
-87.69522013107009,42.016356650000006
-87.681852,41.757941
-87.68648852598878,41.7587943
-87.5725650909091,41.75909245454545
-87.81238075062015,41.9952058
,
-87.811333,42.018277
,
-87.69713032632049,42.01877752596299
,
-87.58072727429149,41.75747785
-87.66613062492365,41.75637406437741
-87.70978311111111,41.75554322222222
-87.67197460529314,41.75607670102538
-87.81539733362501,42.018685766433165
-87.56112080949032,41.7558774
,
-87.66729290078207,41.754425130501005
-87.66972263532708,41.754523525905896
-87.67579576676653,41.75457544284755
-87.6953339,41.9283654
,
-87.6039658256804,41.755818865419165
-87.572723073454,41.7565579
,
-87.66038247354005,41.75330569770326
-87.7074698313789,41.75261046201413
-87.67574075157414,41.75252343224638
-87.65567537436732,41.75274665
-87.72753766326596,41.7519040561116
-87.82119657289263,41.97607478312152
-87.82006758044605,41.97519685314616
-87.82106670588236,41.99110011764706
-87.82134160077592,41.98525208599413
-87.66034227681361,41.75158566360774
-87.649996,41.750676
-87.63544471428571,41.75208542857143
-87.57609751851852,41.75181614814815
,
-87.56637182872323,41.75325414892923
-87.8231351557892,41.97693261933015
-87.69966214464432,41.7492352
-87.68514175402811,41.74850364254348
-87.68536219965127,41.74852258326074
,
-87.57992504873306,41.75079444968175
-87.60630566710539,41.750059538619894
-87.59170074564845,41.7503059495762
-87.59191066927427,41.74985265901958
-87.59291529269724,41.750262134749214
,
-87.68658022937632,41.748362533202176
-87.69595586174418,41.74830565
-87.59556873785942,41.75009601090826
,
-87.75690707987754,41.89417577376628
-87.64099199984715,41.68392910791532
-87.64043541567568,41.658560793374114
-87.64281869274795,41.75968370398106
-87.64888271034988,41.95794098171103
,
,
-87.64863573573095,41.929166027620795
-87.69997598474163,41.74670044306935
-87.57805703837985,41.748081850000005
-87.58026777342562,41.748699200000004
-87.66227760295426,41.74816952939623
-87.73861378326171,41.74595510219973
-87.73868309068997,41.746105549999996
-87.6583966900281,41.74732860381635
-87.57238525899771,41.74878104855887
-87.62724284089069,41.7482682
-87.61795120318237,41.74766566115889
,
-87.58270737451984,41.74695381137333
-87.68428782556435,41.745061050000004
-87.6165376087382,41.74705371284245
-87.5842886371445,41.74658323660469
-87.57737187510942,41.7469367
,
,
-87.55027514293272,41.747225164149725
-87.57614578006218,41.74743515
-87.66220133683645,41.74510016814964
-87.55756307474077,41.74758300610508
-87.55877412983651,41.74753025257104
-87.571131067358,41.7464010414798
,
,
-87.83122623938735,41.97794927377882
-87.83144107389764,41.97811433746312
-87.58063256630865,41.74554308268764
-87.54403515491917,41.745631450000005
-87.65868775033019,41.74383305
-87.64597957670877,41.743672000000004
-87.70087854963597,41.743061453818584
-87.6164379251153,41.74330576670878
,
-87.6752484289921,41.74151215968416
-87.72314789578346,41.7405682
-87.66411806911054,41.741827799999996
-87.56743456211471,41.743403413226545
-87.626923814142,41.74266433823669
,
-87.64722405,41.742618699999994
,
-87.67182564507988,41.74160768296405
,
-87.56093910581598,41.7418419
,
,
-87.6026129362477,41.7404763674205
-87.66670680505453,41.73986124109071
-87.59154155446163,41.74193359960655
-87.55768726522172,41.741960578026855
-87.65252274534885,41.74005205
-87.61175874814265,41.74078365
-87.68825323603673,41.73982782345079
,
-87.58921560713335,41.738874285334056
-87.66406276110013,41.7389
-87.55500160512256,41.739372307353165
,
-87.61287469393137,41.73938371486848
-87.63870941702754,41.73850927936932
-87.84089781700455,41.96066083910779
-87.57550147524312,41.73830265
-87.5621220192321,41.7384888
-87.56005537803046,41.73800536156296
-87.5943180495519,41.737649623070254
,
-87.59082306808824,41.73622305000001
-87.5920345455,41.73601545
-87.66777413573195,41.73418542999194
-87.66759937032919,41.73455085
-87.6596234148295,41.7328866
-87.58407610900353,41.734101652031676
-87.58063087704632,41.73476405793534
,
-87.60201457326698,41.73422285
-87.63493139820339,41.73380801733773
-87.6541596196848,41.7326115
-87.66651180745237,41.732743205623514
-87.59182671336444,41.733600382759285
-87.66044632457232,41.73319930037301
-87.5718926238208,41.73406776945885
-87.57234306712121,41.734724400000005
,
-87.57110389181244,41.73368445
-87.57049811915502,41.7346031
-87.674756,41.732231
,
,
-87.66807688879886,41.7322497
,
,
,
,
,
-87.56822169116482,41.733166907735914
-87.59034081342747,41.731599146521155
,
,
-87.57573163516759,41.733027204018626
-87.54285832123514,41.733162446507386
-87.68002278859035,41.73045891590167
-87.665056465172,41.7307372
-87.60472297284485,41.807654527770936
-87.60354733333334,41.733096777777774
-87.68945176884316,41.89717394235984
-87.75820060495604,41.896425714902705
-87.66003796087047,41.87082213299173
-87.64806805405405,41.85679932432433
,
-87.65058935219498,41.9283329
-87.64968145353134,41.928365150000005
-87.65031273621216,41.92807080080864
-87.65093575588126,41.9282233990608
-87.65132207655665,41.92796105
-87.65086952307288,41.92835585
-87.64966646456577,41.92824682852671
-87.64872899369584,41.91373878474932
-87.64961953266544,41.729327300097886
-87.57443800201604,41.729996497173126
,
-87.58054819873674,41.731200149259244
,
-87.56349459090909,41.73009690909091
,
-87.56232299509612,41.73103951263489
-87.57038567292716,41.7304723
-87.67850140262604,41.72728990263352
-87.61710662801859,41.72785215
-87.60474602714275,41.72892059944626
,
-87.644467,41.726966
-87.64447538021027,41.72726187631959
,
-87.56931527499357,41.728562371658846
-87.63637469589716,41.72825345
-87.61802981985451,41.72749760483522
-87.6032381523163,41.726701195053764
-87.5765782184782,41.72708163794726
-87.61677340687562,41.72572267617078
-87.67601748434728,41.72506251321509
-87.67465557216086,41.72610870823709
-87.6616724093343,41.72557605087782
-87.56948966172199,41.72693318993747
,
-87.61778307473232,41.72651272772942
-87.57775553589576,41.72544078263812
,
,
,
,
-87.67961150797285,41.72408642393643
-87.63693774952554,41.7244594
-87.64581032110634,41.72350333296526
-87.56454241158782,41.724789439766816
-87.60925577540631,41.72426688109036
,
-87.61546741075573,41.72204157030441
,
,
-87.63970050199839,41.72217942719142
-87.64070046310589,41.72230119029982
-87.64107037560728,41.72210715
-87.67130958320573,41.72210295418613
-87.67107660342505,41.721685111313846
-87.65191677487468,41.926286777726396
-87.68091761808137,41.72010253838262
-87.67266848302975,41.7193944
-87.642065,41.719781
,
-87.57058842857143,41.72206873469388
-87.66552509513902,41.72070764021554
-87.67382349646502,41.72039045
-87.59608711788697,41.72137775525066
-87.5960621289346,41.72061171473927
-87.59447861294059,41.721644049999995
-87.65859307337408,41.71906935791857
-87.56718746713756,41.719148149999995
-87.67180192558595,41.71834115
-87.64811722497221,41.71894085378273
-87.62646484951561,41.71858915
-87.61740543106723,41.719390000000004
-87.61782601978811,41.71956298477148
,
-87.5782392457995,41.71976460644388
-87.67054967272584,41.71775020774303
-87.67055831465035,41.718038574814415
,
-87.56654373805195,41.716593399999994
-87.55526950000001,41.718179500000005
-87.6707326197919,41.716508529793416
-87.56474237757546,41.717009480594044
-87.55620058787845,41.716790700000004
,
,
-87.66145043915301,41.714230650000005
-87.67227757712689,41.714378623045015
,
-87.61876013929381,41.715902778774144
,
,
-87.55620310632645,41.715586599999995
-87.60330631731333,41.71513555
-87.691808,41.712532
-87.66141094070247,41.71266035
-87.57195794230769,41.71375553846154
,
-87.6722386734694,41.7127213877551
,
-87.62474207318539,41.71280012282652
,
,
-87.66901500922444,41.71281018823358
-87.57095545794392,41.7144086
-87.62629247143829,41.713469950000004
-87.66295158981146,41.71309155197807
-87.64674257636739,41.712810154056065
-87.67688929080145,41.898549349999996
-87.69580741202256,41.898578549999996
,
-87.6538226506008,41.9698154
,
-87.62675851699092,41.752818534387444
-87.626768,41.747181
-87.63060914410359,41.909532073211125